2 0.665810 0.471169 0.116580 0.235255
2 0.504825 0.544499 0.114881 0.288461
1 0.345447 0.556912 0.052320 0.184799
2 0.450948 0.265705 0.060133 0.115450
3 0.592230 0.240528 0.051171 0.124636
1 0.391815 0.307760 0.024665 0.099861
1 0.641790 0.842338 0.063349 0.265574
2 0.563194 0.173995 0.038113 0.071379
2 0.508471 0.145186 0.032067 0.059015
1 0.233947 0.727426 0.067545 0.165999
1 0.509664 0.224354 0.018733 0.079335
1 0.106367 0.649053 0.066988 0.156417
1 0.802760 0.221753 0.026017 0.085981
1 0.243815 0.905671 0.083984 0.184028
1 0.474935 0.134259 0.012370 0.037037
