2 0.682959 0.545169 0.116990 0.248184
1 0.635055 0.783002 0.063172 0.248066
2 0.625622 0.347495 0.080167 0.140571
2 0.587273 0.232308 0.054670 0.091682
1 0.856520 0.325625 0.029854 0.082751
0 0.265482 0.642407 0.055403 0.233673
2 0.498316 0.266882 0.055179 0.091683
1 0.418014 0.244275 0.019805 0.078605
1 0.446751 0.239860 0.020362 0.098650
2 0.494248 0.357996 0.077105 0.128264
1 0.265412 0.641613 0.055352 0.233565
2 0.485684 0.176951 0.035957 0.059315
2 0.501319 0.216762 0.038789 0.055194
3 0.455729 0.678241 0.260417 0.636574
2 0.555246 0.154960 0.029687 0.044841
1 0.529576 0.145833 0.012723 0.044841
1 0.489174 0.116865 0.006920 0.032937
