4 0.745051 0.691100 0.247767 0.615023
2 0.619767 0.344757 0.075499 0.143041
2 0.502482 0.301818 0.061392 0.112878
1 0.347641 0.637709 0.044417 0.198208
2 0.582159 0.224237 0.051915 0.090463
2 0.430185 0.263696 0.055151 0.092519
1 0.366025 0.466883 0.037083 0.152439
1 0.289601 0.589294 0.047012 0.190227
2 0.501156 0.226547 0.048932 0.077585
4 0.471813 0.757286 0.171091 0.478000
2 0.460915 0.195230 0.037753 0.061531
1 0.731558 0.210560 0.017344 0.072231
1 0.883007 0.366565 0.033376 0.119692
1 0.537305 0.184699 0.016381 0.070139
1 0.905528 0.391936 0.035589 0.101499
