2 0.500756 0.410505 0.102174 0.246259
2 0.651535 0.441225 0.095159 0.195243
2 0.814118 0.367177 0.100925 0.127124
1 0.349367 0.877537 0.087565 0.242147
2 0.717330 0.772982 0.161626 0.416937
2 0.613425 0.294177 0.076163 0.137776
1 0.569002 0.391822 0.029084 0.125458
2 0.966005 0.537064 0.066428 0.158819
2 0.509304 0.232807 0.053171 0.076584
1 0.373854 0.599071 0.042007 0.139745
1 0.387801 0.729170 0.066937 0.255459
3 0.459253 0.152887 0.042432 0.106699
2 0.508074 0.287551 0.057443 0.080324
1 0.801262 0.233325 0.026283 0.074316
1 0.539062 0.159722 0.015625 0.048611
