2 0.754208 0.813071 0.203380 0.371080
2 0.613884 0.330299 0.079194 0.164106
2 0.489694 0.483063 0.103879 0.250401
2 0.564605 0.203984 0.043369 0.077215
1 0.853827 0.335061 0.029625 0.082260
1 0.459927 0.234190 0.021285 0.075333
1 0.492101 0.201624 0.018252 0.070572
1 0.742331 0.203178 0.018488 0.057117
1 0.519200 0.231241 0.022370 0.104240
2 0.475586 0.820486 0.197266 0.356250
1 0.244141 0.482639 0.079427 0.097222
6 0.518877 0.200617 0.018188 0.041642
1 0.506398 0.152538 0.018723 0.047414
1 0.493669 0.095426 0.010237 0.028017
2 0.512258 0.081657 0.018319 0.027299
1 0.537244 0.079023 0.010911 0.020594
1 0.497171 0.077706 0.006196 0.017481
