2 0.461627 0.823425 0.179982 0.350371
2 0.684287 0.530571 0.114989 0.248417
2 0.444485 0.310671 0.060411 0.118237
2 0.782438 0.842421 0.165573 0.312380
2 0.477896 0.221451 0.045998 0.074319
1 0.582761 0.537680 0.040972 0.148513
1 0.512919 0.457644 0.032119 0.137092
0 0.487737 0.360423 0.021114 0.126454
1 0.562238 0.337834 0.021017 0.087647
1 0.370328 0.532288 0.049600 0.149747
1 0.541061 0.234457 0.016786 0.069864
0 0.604170 0.350435 0.022864 0.102441
1 0.604109 0.350488 0.022517 0.103749
1 0.591797 0.254051 0.015625 0.059028
1 0.555013 0.195602 0.012370 0.041667
1 0.540039 0.196759 0.012370 0.034722
