2 0.438428 0.330673 0.057146 0.107492
1 0.528376 0.421660 0.031046 0.119172
1 0.647648 0.459290 0.032833 0.137478
1 0.512745 0.315511 0.023880 0.089722
1 0.465445 0.683358 0.048825 0.215599
1 0.585620 0.434204 0.029062 0.124850
2 0.545780 0.216882 0.033542 0.056050
1 0.662504 0.398856 0.025787 0.088717
2 0.464193 0.273727 0.055990 0.098380
2 0.603190 0.222222 0.034505 0.055556
2 0.574870 0.162037 0.019531 0.032407
2 0.550781 0.147569 0.018229 0.026620
0 0.342122 0.675926 0.068359 0.168981
5 0.305990 0.602431 0.041667 0.105324
