2 0.341613 0.688787 0.140141 0.302303
2 0.771226 0.842741 0.189300 0.311740
2 0.498369 0.807919 0.146940 0.381385
2 0.630070 0.420793 0.067856 0.149683
1 0.393944 0.467134 0.036325 0.110158
2 0.605708 0.299031 0.042300 0.076775
2 0.516301 0.362481 0.070716 0.137026
1 0.189226 0.613994 0.052122 0.096978
2 0.738390 0.301873 0.042231 0.075210
2 0.540411 0.229587 0.025348 0.040424
1 0.432785 0.655113 0.041789 0.167318
2 0.112051 0.930128 0.151580 0.136967
1 0.775518 0.291382 0.019021 0.067495
1 0.016072 0.871633 0.031891 0.253956
3 0.515768 0.344306 0.069116 0.168969
2 0.585312 0.244638 0.027232 0.053351
2 0.578244 0.205164 0.026396 0.042457
5 0.687455 0.230751 0.015629 0.062931
