2 0.681231 0.502611 0.097911 0.202946
2 0.596334 0.292258 0.042499 0.073985
2 0.534910 0.808591 0.134982 0.365155
4 0.734731 0.246748 0.058130 0.088637
1 0.775646 0.362430 0.024838 0.080335
1 0.483772 0.340150 0.018663 0.075650
1 0.502985 0.422466 0.024936 0.104617
1 0.557381 0.280140 0.014960 0.059021
1 0.091873 0.755028 0.078526 0.117691
1 0.394833 0.606360 0.039311 0.161352
1 0.571165 0.221498 0.010995 0.056642
4 0.531653 0.234449 0.038257 0.105471
3 0.487897 0.207817 0.025859 0.048844
1 0.794145 0.309542 0.017107 0.068830
