2 0.652025 0.446004 0.081543 0.150991
2 0.552722 0.555051 0.088715 0.204533
2 0.704221 0.711987 0.130068 0.292192
2 0.527598 0.860793 0.181726 0.275636
2 0.493649 0.426818 0.061915 0.120938
2 0.380176 0.459614 0.088190 0.158735
2 0.606768 0.340247 0.050664 0.095794
1 0.546784 0.361072 0.021843 0.083622
1 0.373108 0.844602 0.055444 0.203271
1 0.486179 0.334210 0.019735 0.069951
2 0.604961 0.284657 0.045051 0.076176
2 0.537566 0.231754 0.026879 0.047553
2 0.588755 0.253083 0.028790 0.061221
1 0.434324 0.499984 0.026000 0.120106
2 0.535650 0.178447 0.025517 0.046080
3 0.485677 0.211806 0.023438 0.055556
1 0.514974 0.215278 0.013021 0.032407
