2 0.780939 0.922472 0.172703 0.152279
1 0.568217 0.887601 0.058187 0.222020
1 0.387261 0.902248 0.053284 0.192726
1 0.391022 0.545099 0.031412 0.136249
1 0.543410 0.339426 0.021129 0.075829
1 0.625307 0.330313 0.020175 0.074070
1 0.490526 0.388883 0.023907 0.094261
1 0.516760 0.339537 0.019379 0.080378
1 0.423333 0.638127 0.039175 0.155432
1 0.577851 0.225125 0.011642 0.043291
1 0.312190 0.882316 0.056699 0.216624
1 0.514076 0.515030 0.031817 0.137204
2 0.721086 0.309607 0.052065 0.069415
1 0.551943 0.209676 0.011144 0.042295
2 0.972688 0.703970 0.053062 0.222539
1 0.532395 0.210742 0.010518 0.041770
