2 0.521759 0.811503 0.157016 0.374215
2 0.654122 0.500839 0.080855 0.169107
1 0.398084 0.888526 0.058527 0.220169
1 0.472904 0.479956 0.027269 0.116522
2 0.763463 0.804656 0.161583 0.369018
2 0.751222 0.324041 0.062098 0.082606
1 0.567334 0.387711 0.021833 0.087349
1 0.557992 0.287050 0.016204 0.059014
1 0.527482 0.267813 0.013720 0.054983
1 0.498088 0.560454 0.032779 0.139348
1 0.512723 0.394408 0.022315 0.095764
1 0.590962 0.269869 0.015214 0.054626
2 0.571490 0.215837 0.031909 0.055818
1 0.436008 0.668851 0.043486 0.177255
2 0.967946 0.668563 0.062546 0.356867
1 0.519083 0.229094 0.011458 0.045092
2 0.735497 0.221701 0.032086 0.043520
2 0.526367 0.192130 0.021484 0.034722
3 0.489583 0.207176 0.029948 0.046296
