2 0.658374 0.508827 0.080902 0.170052
2 0.540120 0.434868 0.073130 0.171498
2 0.524548 0.295643 0.040210 0.073591
1 0.513539 0.680474 0.055866 0.203187
1 0.092360 0.752973 0.075974 0.118558
1 0.418573 0.844319 0.062562 0.233081
1 0.620679 0.286274 0.016943 0.060467
2 0.584223 0.265799 0.039277 0.075149
2 0.529590 0.233804 0.030446 0.052374
2 0.767338 0.928003 0.199839 0.141216
2 0.571651 0.193057 0.021055 0.036291
2 0.587739 0.234690 0.032827 0.051308
3 0.487911 0.207842 0.026079 0.049375
2 0.774588 0.256352 0.040678 0.053136
2 0.533203 0.188079 0.023438 0.038194
