2 0.695274 0.588550 0.119346 0.248772
2 0.721954 0.888157 0.190755 0.220909
2 0.503598 0.721946 0.130569 0.352603
2 0.544002 0.331967 0.050444 0.091512
2 0.596898 0.290502 0.048593 0.086661
1 0.092690 0.752900 0.075499 0.119814
1 0.426882 0.518934 0.033614 0.137852
1 0.467159 0.360848 0.021487 0.077322
1 0.366197 0.815988 0.053105 0.222479
2 0.583560 0.218634 0.027561 0.049526
1 0.073220 0.924871 0.066021 0.147481
2 0.539552 0.222968 0.026147 0.045566
1 0.384325 0.530744 0.033116 0.127798
1 0.774806 0.283466 0.017831 0.056486
1 0.626758 0.284331 0.015205 0.059586
1 0.509972 0.220006 0.012263 0.040906
2 0.562942 0.196899 0.022131 0.029489
3 0.490234 0.212384 0.026042 0.047454
