2 0.513170 0.501320 0.079292 0.170737
1 0.395948 0.859979 0.065515 0.203733
2 0.749288 0.248493 0.063842 0.095384
2 0.532627 0.272767 0.039038 0.074751
1 0.488287 0.364705 0.018946 0.077512
1 0.338007 0.733982 0.050214 0.167213
5 0.107028 0.770315 0.047131 0.131699
2 0.594382 0.253234 0.031194 0.056437
1 0.567061 0.259884 0.012557 0.053596
1 0.507510 0.211470 0.012824 0.039338
2 0.580932 0.212273 0.020840 0.042395
5 0.690967 0.243178 0.013304 0.064742
1 0.547104 0.187524 0.016333 0.037043
2 0.569666 0.201129 0.008936 0.034908
