2 0.518821 0.663095 0.101542 0.250315
2 0.679426 0.600372 0.112762 0.239228
2 0.746934 0.894270 0.174114 0.208682
2 0.630913 0.415618 0.063164 0.130698
1 0.384630 0.911549 0.067467 0.174124
1 0.596338 0.624150 0.036558 0.162250
2 0.595890 0.345736 0.050159 0.097572
1 0.571737 0.457860 0.028092 0.114293
1 0.470894 0.431022 0.024095 0.104386
1 0.540199 0.277066 0.014364 0.059607
1 0.361186 0.576266 0.062066 0.138588
2 0.596352 0.280393 0.042249 0.069533
1 0.430356 0.627752 0.039854 0.162768
1 0.501691 0.274640 0.015264 0.057589
1 0.123518 0.781085 0.054166 0.171260
2 0.583308 0.240613 0.032453 0.058706
1 0.171236 0.712165 0.068393 0.123805
1 0.527871 0.206534 0.009126 0.040606
1 0.520572 0.204820 0.008177 0.042779
1 0.571304 0.176111 0.008999 0.039246
