2 0.539165 0.597847 0.094441 0.233668
2 0.519596 0.324536 0.051178 0.094485
2 0.610402 0.378277 0.039542 0.114204
2 0.597626 0.279259 0.038891 0.064377
1 0.527588 0.434224 0.027018 0.098888
1 0.471781 0.301343 0.022030 0.061670
2 0.476750 0.845306 0.176147 0.306610
1 0.486365 0.482201 0.031209 0.119626
2 0.680060 0.483997 0.111849 0.303277
2 0.578124 0.230141 0.027319 0.045823
1 0.617167 0.624675 0.037487 0.171879
1 0.328032 0.761839 0.038322 0.161280
1 0.512958 0.261692 0.014221 0.041203
3 0.679595 0.486375 0.113915 0.301136
2 0.533878 0.186342 0.021718 0.030427
