2 0.647527 0.443698 0.075329 0.146089
2 0.728702 0.895538 0.187905 0.206146
2 0.735416 0.310410 0.058175 0.076359
1 0.514334 0.293130 0.017190 0.060423
1 0.520141 0.499904 0.034478 0.135762
2 0.596979 0.254909 0.034513 0.055214
1 0.450604 0.552306 0.032844 0.137900
1 0.551744 0.284640 0.015205 0.059326
1 0.493514 0.278020 0.015408 0.057319
1 0.527657 0.375805 0.023782 0.090308
1 0.529932 0.263442 0.012793 0.057014
1 0.571839 0.385976 0.022432 0.098450
2 0.567510 0.214837 0.025230 0.045632
1 0.696640 0.241522 0.012807 0.047123
1 0.519652 0.207383 0.013818 0.055271
1 0.794652 0.317399 0.015868 0.059000
