2 0.690033 0.582418 0.099665 0.205883
2 0.522176 0.539439 0.096685 0.227933
2 0.640528 0.423078 0.070714 0.130027
2 0.750146 0.864351 0.173028 0.268519
2 0.169550 0.690752 0.163789 0.195381
2 0.546867 0.373123 0.054186 0.109280
1 0.486868 0.902986 0.077340 0.191250
1 0.401520 0.490554 0.031828 0.118235
1 0.449177 0.478262 0.028621 0.117320
2 0.610721 0.317945 0.046355 0.080856
1 0.622800 0.926038 0.063457 0.145146
1 0.588905 0.778061 0.052446 0.207781
1 0.589878 0.413614 0.023532 0.099122
1 0.426505 0.601997 0.037126 0.145530
1 0.483508 0.323701 0.016212 0.068455
2 0.535336 0.293254 0.043972 0.081021
2 0.572823 0.216194 0.030671 0.055553
1 0.405085 0.880068 0.056084 0.224912
1 0.361800 0.600317 0.040644 0.146814
1 0.593066 0.639961 0.038583 0.138360
2 0.594364 0.261356 0.037807 0.059149
1 0.359741 0.823530 0.046674 0.204861
1 0.509081 0.261728 0.012114 0.048906
1 0.576853 0.323026 0.017551 0.079035
1 0.317497 0.752481 0.041244 0.222555
6 0.245747 0.950973 0.066377 0.095276
2 0.776184 0.254347 0.046571 0.060174
