2 0.674464 0.648034 0.111741 0.262621
2 0.519132 0.599093 0.100015 0.238728
2 0.530382 0.328166 0.051295 0.096763
2 0.606562 0.374549 0.056128 0.105669
2 0.595772 0.282027 0.043330 0.078052
1 0.377453 0.683105 0.044229 0.170835
1 0.506633 0.263840 0.014388 0.053929
1 0.444273 0.533672 0.032022 0.130014
1 0.485704 0.264805 0.013898 0.057853
4 0.438575 0.867292 0.229198 0.262638
3 0.536936 0.220705 0.028268 0.062403
2 0.579501 0.235175 0.022272 0.048096
1 0.994127 0.570198 0.010184 0.135595
1 0.510355 0.211306 0.011241 0.038950
2 0.569129 0.202443 0.019669 0.039455
