2 0.503414 0.740976 0.118087 0.286992
2 0.691811 0.696049 0.120230 0.224959
2 0.313206 0.677497 0.118287 0.227860
2 0.666161 0.460830 0.083334 0.130592
2 0.508482 0.469131 0.059577 0.114936
1 0.433850 0.536256 0.030624 0.115279
2 0.429748 0.381279 0.050355 0.081216
1 0.391220 0.774288 0.043543 0.197136
1 0.544106 0.346539 0.013591 0.051095
2 0.534520 0.297035 0.027551 0.048678
2 0.469173 0.296547 0.028404 0.043813
2 0.778446 0.938685 0.170891 0.119851
1 0.508571 0.279814 0.010776 0.039202
1 0.299804 0.523428 0.044879 0.098661
