2 0.313164 0.678346 0.119063 0.227080
2 0.722118 0.729111 0.125747 0.241034
2 0.429599 0.381636 0.050372 0.080462
1 0.633725 0.674428 0.045692 0.168046
1 0.484482 0.690171 0.037090 0.162111
1 0.550240 0.573863 0.030967 0.133578
1 0.514144 0.430311 0.021078 0.080784
2 0.469662 0.295340 0.028451 0.044934
1 0.497636 0.346572 0.012720 0.047850
2 0.526177 0.312400 0.028890 0.048428
2 0.537582 0.275654 0.017696 0.032405
2 0.866701 0.520986 0.068604 0.091010
1 0.298935 0.522780 0.045812 0.097995
1 0.502279 0.295139 0.012370 0.032407
