2 0.659131 0.608529 0.098761 0.184781
2 0.313538 0.678522 0.119241 0.229372
2 0.620838 0.465681 0.062806 0.105787
2 0.547364 0.811795 0.161301 0.373631
2 0.766012 0.878824 0.190791 0.239575
2 0.429841 0.381757 0.050623 0.080232
2 0.575770 0.376464 0.039236 0.074542
1 0.474167 0.436012 0.021610 0.083562
1 0.572436 0.582304 0.036185 0.132863
1 0.421175 0.691010 0.044633 0.167971
1 0.497052 0.310223 0.010752 0.041538
6 0.358673 0.949041 0.057510 0.099141
1 0.551473 0.314242 0.012227 0.042083
2 0.469401 0.296712 0.027124 0.041442
1 0.299122 0.523599 0.044629 0.099657
2 0.519597 0.289484 0.018929 0.039773
