2 0.793840 0.903014 0.186459 0.191194
0 0.464069 0.459848 0.019804 0.097058
2 0.313121 0.678026 0.119246 0.229556
2 0.586293 0.821643 0.134733 0.328800
2 0.539568 0.483837 0.064185 0.119257
2 0.429604 0.381514 0.050657 0.080393
1 0.892743 0.815562 0.057757 0.168963
1 0.570160 0.376647 0.016639 0.059577
1 0.493218 0.402510 0.017513 0.070088
1 0.527412 0.393899 0.018792 0.064579
2 0.542519 0.297237 0.023744 0.036626
1 0.398540 0.735817 0.044516 0.194155
2 0.469958 0.297875 0.028087 0.040556
1 0.912429 0.490727 0.017064 0.047412
1 0.513197 0.294783 0.011853 0.036584
