2 0.312975 0.681279 0.123189 0.236772
2 0.668961 0.632734 0.103358 0.189112
2 0.444668 0.569549 0.098766 0.166721
2 0.548610 0.629383 0.094710 0.208692
2 0.396489 0.447576 0.068357 0.114752
2 0.617321 0.479421 0.064848 0.120017
2 0.528339 0.449051 0.062467 0.137275
2 0.590003 0.387879 0.048823 0.084239
1 0.786570 0.812538 0.069047 0.187022
2 0.565909 0.866026 0.158418 0.265170
2 0.561913 0.339763 0.033748 0.056732
2 0.516908 0.369282 0.038297 0.067283
1 0.565898 0.865847 0.157986 0.265528
1 0.449604 0.461762 0.020604 0.052828
1 0.507993 0.313581 0.012910 0.051125
1 0.529641 0.294634 0.012936 0.046821
