2 0.345080 0.692891 0.093253 0.172641
2 0.399196 0.534902 0.056412 0.097134
2 0.786414 0.585464 0.086674 0.110206
1 0.547977 0.498780 0.017774 0.068895
2 0.522079 0.420943 0.027559 0.046956
1 0.450917 0.512100 0.017787 0.071559
1 0.475153 0.525027 0.016705 0.071286
3 0.610617 0.647382 0.109711 0.285394
1 0.500855 0.752334 0.036636 0.156129
1 0.413413 0.717542 0.029928 0.131602
1 0.455280 0.472080 0.014531 0.042361
2 0.440968 0.421071 0.023776 0.041650
1 0.488684 0.420087 0.012091 0.047205
2 0.797344 0.521966 0.057156 0.066993
