2 0.622526 0.775240 0.108445 0.214146
2 0.455805 0.762381 0.099721 0.243529
2 0.373659 0.622645 0.069885 0.139499
2 0.567832 0.589306 0.068432 0.145788
2 0.401575 0.533137 0.050277 0.091122
2 0.526979 0.464735 0.038055 0.058181
1 0.467584 0.601381 0.025793 0.083855
1 0.501273 0.552253 0.019023 0.080546
1 0.420275 0.633450 0.024534 0.089169
2 0.560294 0.504568 0.042014 0.067832
2 0.442848 0.418545 0.028109 0.044838
1 0.475255 0.502979 0.015320 0.067240
0 0.736290 0.520956 0.020264 0.068680
1 0.158389 0.731171 0.056191 0.081220
1 0.487812 0.446431 0.013520 0.047234
4 0.934340 0.602063 0.129757 0.263586
1 0.472982 0.464120 0.014974 0.050926
