2 0.511894 0.774957 0.114883 0.260283
1 0.600195 0.820559 0.050014 0.155951
2 0.704803 0.924494 0.164700 0.148234
1 0.539858 0.490114 0.017862 0.065501
1 0.889116 0.694799 0.040234 0.120426
1 0.442311 0.510624 0.017192 0.064895
2 0.526606 0.424837 0.028258 0.047052
1 0.421618 0.616321 0.022761 0.099039
1 0.944473 0.679944 0.034849 0.106542
1 0.748635 0.582293 0.027894 0.061900
3 0.425377 0.457127 0.032949 0.053740
2 0.800501 0.479326 0.036275 0.060566
3 0.482145 0.589483 0.061775 0.127421
2 0.775663 0.477608 0.032643 0.055963
2 0.518569 0.388395 0.020931 0.039260
2 0.485898 0.390142 0.019336 0.035758
2 0.454326 0.391295 0.020399 0.043168
1 0.248474 0.702030 0.031019 0.052939
1 0.693858 0.774193 0.039842 0.144050
2 0.481946 0.590006 0.062860 0.126190
