2 0.399384 0.535626 0.055883 0.090822
1 0.459989 0.639017 0.028280 0.106209
1 0.495392 0.466742 0.014825 0.051473
1 0.367846 0.823286 0.045514 0.155173
1 0.563780 0.557674 0.022390 0.088156
2 0.529883 0.425162 0.030045 0.048821
2 0.424539 0.465963 0.034025 0.055666
1 0.712896 0.823928 0.047083 0.173988
1 0.774948 0.551777 0.025469 0.083281
1 0.480392 0.432874 0.010393 0.046104
2 0.813773 0.483898 0.052416 0.069471
1 0.889846 0.647874 0.033089 0.106705
2 0.441271 0.419887 0.023306 0.042986
1 0.498908 0.598455 0.022451 0.093925
1 0.152512 0.722642 0.048103 0.080198
1 0.790871 0.507856 0.024520 0.059476
6 0.484966 0.963165 0.047213 0.070891
