2 0.579241 0.659430 0.093706 0.187863
2 0.345235 0.692891 0.092008 0.172124
2 0.668938 0.876799 0.157037 0.243623
2 0.764178 0.586662 0.081774 0.105968
2 0.480429 0.501971 0.041231 0.071985
2 0.399052 0.534744 0.055023 0.092463
2 0.549730 0.550561 0.055881 0.114704
2 0.527177 0.454999 0.036425 0.063707
1 0.455157 0.462490 0.012801 0.050027
1 0.793225 0.522314 0.022518 0.060676
1 0.978988 0.693064 0.035431 0.094424
2 0.492949 0.426562 0.030501 0.053558
2 0.441176 0.420333 0.022974 0.039381
1 0.472367 0.696457 0.030136 0.125820
2 0.555143 0.486097 0.035213 0.066735
