2 0.399247 0.535883 0.055066 0.092406
2 0.314432 0.779040 0.124606 0.245884
2 0.486120 0.455102 0.034756 0.063250
2 0.484198 0.552636 0.057433 0.109501
2 0.532998 0.418882 0.028127 0.047153
1 0.432321 0.611755 0.022371 0.093659
1 0.973779 0.640272 0.034841 0.095497
1 0.444724 0.512792 0.013956 0.059573
1 0.393915 0.819374 0.041332 0.147905
1 0.766998 0.496223 0.016506 0.058629
1 0.453472 0.472073 0.012997 0.048821
2 0.441227 0.419100 0.024549 0.044668
2 0.401698 0.439642 0.025694 0.039191
1 0.514974 0.404514 0.011719 0.038194
