2 0.544970 0.494098 0.044955 0.080391
2 0.399396 0.535092 0.055185 0.093001
1 0.468002 0.512174 0.018070 0.070522
1 0.443236 0.552888 0.022234 0.078970
1 0.955275 0.720577 0.045704 0.118188
1 0.486258 0.592428 0.025901 0.096554
1 0.400153 0.713212 0.038356 0.141123
2 0.473981 0.425788 0.028633 0.046229
1 0.830663 0.566267 0.026982 0.078668
1 0.507934 0.403010 0.010977 0.041475
1 0.941585 0.632170 0.039054 0.087837
2 0.440731 0.420679 0.023050 0.041400
2 0.409146 0.948125 0.141665 0.100973
1 0.453725 0.469989 0.013869 0.055893
1 0.159571 0.714403 0.049830 0.058646
4 0.510742 0.359954 0.025391 0.050926
