2 0.940584 0.822283 0.117270 0.217317
2 0.649183 0.806147 0.134549 0.271685
2 0.482706 0.712218 0.087514 0.168707
2 0.483428 0.569319 0.062103 0.117676
1 0.588178 0.534250 0.022128 0.078388
1 0.522953 0.489175 0.016830 0.062716
1 0.455510 0.482387 0.014828 0.056902
1 0.476826 0.428775 0.012048 0.057152
2 0.789603 0.478717 0.059793 0.064122
1 0.931246 0.654040 0.040985 0.098637
1 0.510054 0.401693 0.010974 0.042025
3 0.430455 0.439462 0.042735 0.091886
1 0.245007 0.700341 0.042662 0.051513
2 0.501871 0.362110 0.027129 0.033325
