2 0.585727 0.598879 0.074643 0.139088
2 0.645060 0.912540 0.151958 0.172142
1 0.476074 0.503517 0.018106 0.065567
1 0.809762 0.537556 0.026315 0.070912
1 0.956255 0.712689 0.048621 0.120222
1 0.407714 0.773980 0.040360 0.158700
1 0.449558 0.581904 0.023524 0.093303
1 0.493271 0.411956 0.010945 0.037467
2 0.791664 0.480448 0.055147 0.058518
1 0.752423 0.561549 0.024292 0.074284
3 0.427390 0.446036 0.036984 0.075696
2 0.490491 0.350335 0.014042 0.031651
1 0.475823 0.406507 0.012267 0.032260
1 0.246768 0.700299 0.040074 0.054480
2 0.454858 0.397159 0.018239 0.037387
