2 0.484077 0.629516 0.068622 0.135850
2 0.566743 0.598634 0.066180 0.121532
3 0.375597 0.634814 0.111538 0.282308
1 0.577573 0.795673 0.044186 0.159446
1 0.467853 0.495737 0.016407 0.058046
1 0.497647 0.454154 0.012049 0.047365
1 0.503132 0.531352 0.021599 0.083470
1 0.966845 0.610848 0.027056 0.084615
1 0.584047 0.535242 0.016917 0.071530
2 0.422361 0.468434 0.035211 0.059656
1 0.483511 0.399456 0.009367 0.035225
2 0.441416 0.414619 0.022545 0.047913
1 0.469738 0.454122 0.018077 0.046395
2 0.456005 0.963218 0.104860 0.070786
