2 0.479372 0.519454 0.043784 0.080413
1 0.515117 0.572997 0.022171 0.093098
1 0.797164 0.549306 0.023803 0.069988
2 0.789358 0.477055 0.060986 0.065693
1 0.907139 0.703783 0.043428 0.119197
1 0.454451 0.675629 0.034381 0.127970
1 0.878353 0.624472 0.033384 0.092648
1 0.492254 0.451755 0.011858 0.046288
1 0.430191 0.603934 0.028943 0.100861
2 0.520866 0.415704 0.028164 0.039548
1 0.466972 0.455416 0.012646 0.042908
3 0.426479 0.449175 0.035930 0.070585
1 0.476888 0.390046 0.011068 0.032407
2 0.520182 0.377894 0.019531 0.031250
