2 0.316292 0.779511 0.128177 0.244883
2 0.615048 0.668178 0.094370 0.188698
2 0.492872 0.547436 0.059068 0.109553
2 0.397636 0.535789 0.051558 0.092006
1 0.811564 0.566440 0.028697 0.087206
1 0.776912 0.506584 0.019709 0.062112
1 0.949193 0.695054 0.043320 0.108320
1 0.557168 0.820864 0.045480 0.173002
2 0.539909 0.436284 0.031465 0.055944
1 0.436324 0.652407 0.030498 0.107377
1 0.904893 0.599863 0.032923 0.086627
2 0.489047 0.457532 0.029556 0.044558
1 0.445750 0.770336 0.029944 0.133964
1 0.430129 0.580305 0.018384 0.067461
1 0.451691 0.507390 0.012317 0.056154
1 0.442145 0.531472 0.015687 0.065421
2 0.565347 0.519677 0.049161 0.094499
2 0.426831 0.457604 0.022743 0.041422
1 0.505370 0.433778 0.013963 0.051371
