2 0.935659 0.729656 0.106321 0.162304
2 0.316022 0.778806 0.128631 0.244566
2 0.468407 0.911441 0.132664 0.174340
2 0.398667 0.535828 0.054500 0.094434
2 0.900596 0.585066 0.059173 0.099226
1 0.579007 0.729951 0.037770 0.144800
1 0.467406 0.550426 0.021898 0.083580
1 0.543840 0.536097 0.018868 0.083836
2 0.432758 0.447558 0.032361 0.054196
1 0.761322 0.542185 0.025156 0.098664
1 0.476741 0.409957 0.011542 0.044845
1 0.726129 0.550964 0.019631 0.077662
2 0.400196 0.436608 0.030720 0.047760
1 0.506235 0.372762 0.009704 0.035168
