2 0.597518 0.710483 0.093516 0.193628
1 0.505735 0.938922 0.050817 0.119378
2 0.307559 0.783679 0.114525 0.217043
2 0.564664 0.543799 0.062373 0.117486
2 0.972811 0.722283 0.052816 0.157291
2 0.399400 0.536163 0.055537 0.092605
1 0.482852 0.558045 0.021612 0.082228
1 0.414023 0.894454 0.046337 0.168408
1 0.458874 0.496870 0.015830 0.058155
1 0.430925 0.653279 0.024584 0.107736
2 0.814592 0.487193 0.053011 0.064350
2 0.425088 0.466108 0.032991 0.052952
1 0.413648 0.739570 0.029392 0.132617
2 0.497381 0.425581 0.027868 0.046509
2 0.441271 0.416292 0.023924 0.049972
3 0.549566 0.477122 0.045073 0.077615
1 0.523174 0.425822 0.012923 0.047919
2 0.398463 0.441764 0.028918 0.041070
1 0.464193 0.456019 0.015625 0.046296
