2 0.588836 0.665353 0.089062 0.184688
2 0.543462 0.524327 0.052577 0.106912
2 0.791995 0.613095 0.085638 0.111967
1 0.922491 0.649262 0.037360 0.099752
2 0.538496 0.439916 0.033026 0.054917
1 0.479135 0.455593 0.013191 0.048747
3 0.425692 0.448709 0.033838 0.070702
1 0.892235 0.675655 0.036060 0.105509
2 0.516566 0.404341 0.025558 0.033325
2 0.454002 0.394269 0.020307 0.041895
1 0.794991 0.533628 0.028212 0.058732
1 0.876253 0.592271 0.025524 0.076966
1 0.247688 0.701142 0.040039 0.052216
1 0.481445 0.418981 0.009766 0.037037
