1 0.568131 0.724459 0.036386 0.145339
2 0.674561 0.904789 0.154108 0.187643
2 0.399386 0.534845 0.055170 0.094244
1 0.484251 0.428466 0.011486 0.041632
0 0.465416 0.833742 0.046074 0.157086
1 0.465959 0.833861 0.045828 0.157800
1 0.810555 0.566946 0.029521 0.084656
1 0.473198 0.661032 0.033468 0.119556
1 0.495570 0.530545 0.020656 0.077173
1 0.455920 0.566572 0.021584 0.086221
2 0.430405 0.453265 0.030209 0.050860
2 0.784356 0.476337 0.061798 0.058944
3 0.916208 0.564592 0.104522 0.190313
1 0.500977 0.398727 0.013672 0.040509
