2 0.399300 0.532162 0.055737 0.097438
1 0.485361 0.606892 0.023700 0.092263
1 0.565635 0.489973 0.016220 0.061819
1 0.512901 0.586071 0.021802 0.096488
1 0.482344 0.474607 0.014352 0.053050
1 0.509374 0.419098 0.011210 0.056698
2 0.369766 0.889930 0.134511 0.217362
2 0.416029 0.456244 0.030255 0.055230
2 0.441845 0.418114 0.022667 0.047318
1 0.810024 0.537410 0.025585 0.079448
2 0.920264 0.659279 0.118079 0.169086
1 0.452855 0.609396 0.026098 0.097202
1 0.463118 0.530179 0.018885 0.077297
1 0.482847 0.393751 0.009266 0.031920
