2 0.613925 0.698624 0.089941 0.180019
2 0.797183 0.612479 0.090639 0.129391
2 0.457708 0.631907 0.082198 0.157315
2 0.466139 0.794309 0.106612 0.260277
2 0.399527 0.535761 0.055108 0.089434
2 0.474297 0.511017 0.041909 0.076313
2 0.569556 0.578069 0.058576 0.113169
2 0.551771 0.508339 0.047457 0.087475
1 0.947923 0.702708 0.041995 0.114336
2 0.743223 0.874629 0.242105 0.247964
1 0.476048 0.423156 0.012760 0.041887
1 0.443710 0.497515 0.014411 0.059793
2 0.514295 0.398695 0.024200 0.041606
1 0.155330 0.721941 0.044385 0.064779
2 0.420689 0.471613 0.032428 0.057671
1 0.459570 0.458274 0.017391 0.047665
2 0.457432 0.383799 0.019703 0.035926
2 0.440726 0.411360 0.021609 0.048328
