2 0.566984 0.564234 0.059955 0.105708
2 0.373951 0.619638 0.069835 0.143923
1 0.499585 0.639024 0.027209 0.106625
1 0.431292 0.690367 0.033368 0.126279
1 0.713755 0.871367 0.048259 0.154645
2 0.770684 0.462439 0.050699 0.054262
2 0.963172 0.821120 0.072093 0.214643
1 0.541561 0.423982 0.011165 0.044653
2 0.402445 0.527550 0.050676 0.083248
2 0.442336 0.415752 0.027631 0.049441
2 0.487485 0.404060 0.029101 0.060616
1 0.472117 0.453564 0.012042 0.040842
1 0.158771 0.725133 0.059560 0.096862
5 0.973970 0.589588 0.015801 0.069370
5 0.421875 0.595486 0.022135 0.086806
