2 0.512737 0.778049 0.115524 0.263872
1 0.603202 0.827091 0.050598 0.158961
1 0.540592 0.491936 0.018272 0.065872
2 0.707067 0.930748 0.165394 0.135726
1 0.441134 0.513879 0.017459 0.070083
2 0.526775 0.425690 0.028421 0.046823
1 0.875506 0.674597 0.031091 0.114467
3 0.481968 0.591718 0.061955 0.129501
1 0.934747 0.665983 0.031573 0.105030
3 0.430639 0.436000 0.043669 0.096537
1 0.419976 0.625593 0.023899 0.098101
1 0.696091 0.783027 0.041287 0.149075
2 0.800492 0.479680 0.036021 0.060536
2 0.518986 0.388990 0.020903 0.037895
1 0.248751 0.701860 0.030207 0.050808
2 0.774813 0.477900 0.030633 0.055187
2 0.454745 0.391520 0.019499 0.042544
2 0.485730 0.391923 0.018814 0.036641
1 0.737927 0.573517 0.024785 0.072492
