2 0.548575 0.650827 0.091499 0.169662
2 0.452358 0.875575 0.117638 0.246072
2 0.675147 0.903722 0.150651 0.189777
2 0.344489 0.692564 0.092297 0.170650
1 0.488038 0.560666 0.019896 0.084096
1 0.345378 0.922514 0.055194 0.152193
1 0.405320 0.759482 0.035959 0.142954
1 0.698779 0.786578 0.042795 0.157558
2 0.397773 0.535597 0.053720 0.094730
1 0.554722 0.463280 0.014482 0.052478
1 0.458618 0.606905 0.023999 0.092956
1 0.445643 0.656734 0.025583 0.114548
1 0.479389 0.478487 0.014328 0.058686
1 0.398235 0.583599 0.027555 0.085540
1 0.462763 0.515144 0.016774 0.066137
1 0.939817 0.655625 0.041763 0.102464
1 0.821756 0.544697 0.022099 0.065628
1 0.519749 0.433147 0.010993 0.042877
2 0.813481 0.484404 0.051321 0.057954
2 0.442587 0.420631 0.024747 0.041691
2 0.487938 0.421907 0.026559 0.049253
1 0.452464 0.492043 0.013538 0.062793
2 0.517896 0.383674 0.016462 0.035065
