2 0.626706 0.755637 0.104431 0.238516
2 0.614634 0.591472 0.071368 0.118718
2 0.591972 0.503903 0.051121 0.088771
1 0.719759 0.574517 0.026064 0.090553
1 0.645622 0.470496 0.015138 0.054308
1 0.679512 0.523944 0.021035 0.078129
2 0.798423 0.542091 0.073614 0.102302
1 0.347219 0.730819 0.080142 0.082689
1 0.530283 0.473705 0.014353 0.056050
1 0.621242 0.445300 0.013046 0.047427
1 0.494591 0.558980 0.020427 0.086139
1 0.525340 0.604153 0.025624 0.097445
1 0.528123 0.736045 0.040424 0.153700
5 0.247495 0.678253 0.035866 0.116166
1 0.673260 0.460930 0.014828 0.054382
2 0.578117 0.459616 0.039867 0.060464
1 0.520526 0.403717 0.008920 0.041659
2 0.598340 0.402413 0.029484 0.040943
0 0.809724 0.633978 0.034722 0.100701
2 0.687502 0.430384 0.024792 0.042393
1 0.385824 0.652580 0.056590 0.090641
2 0.564668 0.439868 0.020158 0.060808
