2 0.628707 0.722676 0.089523 0.187863
2 0.594773 0.908130 0.137512 0.180963
2 0.608217 0.567747 0.064867 0.126762
1 0.727437 0.555408 0.024862 0.086961
1 0.307716 0.697211 0.073939 0.121388
2 0.581784 0.498818 0.048074 0.075586
1 0.534505 0.596552 0.024035 0.104148
1 0.509910 0.544803 0.023785 0.084144
1 0.519576 0.432322 0.013356 0.043649
1 0.479527 0.868569 0.042816 0.177051
1 0.497800 0.658270 0.030398 0.119627
2 0.576864 0.448559 0.033001 0.054304
1 0.651185 0.424864 0.013453 0.039362
1 0.329265 0.666822 0.035753 0.084772
