2 0.499531 0.759350 0.110325 0.257627
2 0.600107 0.602810 0.067694 0.134239
2 0.623565 0.909550 0.130022 0.178123
2 0.591810 0.478191 0.047398 0.083125
1 0.514552 0.588294 0.024479 0.086716
1 0.832263 0.816137 0.044302 0.149266
1 0.693003 0.485853 0.016303 0.062523
1 0.736946 0.651081 0.029838 0.121055
1 0.641197 0.443090 0.011924 0.051359
1 0.752421 0.933033 0.060041 0.131155
2 0.552360 0.403673 0.027808 0.040127
1 0.551537 0.514667 0.014236 0.073979
1 0.537938 0.547522 0.018048 0.080313
1 0.981288 0.880312 0.035862 0.129245
1 0.737061 0.592369 0.026936 0.063579
