0 0.801294 0.615971 0.029737 0.101589
2 0.699666 0.579865 0.076174 0.113614
1 0.347266 0.727980 0.080395 0.087154
2 0.575623 0.440157 0.037732 0.058290
2 0.609359 0.637657 0.081280 0.154708
2 0.648208 0.447468 0.041779 0.055547
1 0.833070 0.702670 0.038527 0.123526
2 0.595522 0.496426 0.047413 0.076055
2 0.684658 0.430414 0.031758 0.046616
2 0.798069 0.540758 0.072327 0.099317
1 0.518813 0.403864 0.011471 0.037597
1 0.385069 0.654274 0.057968 0.088492
2 0.555152 0.401872 0.026982 0.040151
1 0.502089 0.450021 0.010401 0.040757
