2 0.484880 0.811915 0.113100 0.252403
2 0.526739 0.505436 0.048520 0.085738
1 0.347540 0.726481 0.081208 0.092843
2 0.797934 0.542367 0.072759 0.104050
1 0.656678 0.451232 0.013232 0.050402
2 0.572550 0.516254 0.027700 0.087269
2 0.624492 0.417418 0.032824 0.049546
2 0.685235 0.430182 0.031516 0.048614
2 0.588370 0.470085 0.039449 0.067449
1 0.542635 0.423385 0.010918 0.042703
1 0.506533 0.473413 0.013274 0.046451
1 0.536395 0.660287 0.031650 0.115806
1 0.384988 0.650329 0.058908 0.095805
3 0.625871 0.659307 0.095708 0.315813
1 0.561208 0.433733 0.015496 0.048868
2 0.843044 0.726769 0.088729 0.133081
5 0.213184 0.674708 0.033981 0.130782
