2 0.694722 0.556885 0.067286 0.106177
2 0.625529 0.633478 0.084226 0.192525
2 0.601118 0.491979 0.047710 0.085373
1 0.347439 0.725687 0.080825 0.094726
2 0.798985 0.543134 0.073050 0.103788
1 0.481577 0.870023 0.046499 0.184519
1 0.531715 0.465609 0.012964 0.054396
1 0.547660 0.594177 0.025257 0.105588
2 0.577399 0.437705 0.040772 0.064825
2 0.684967 0.430028 0.031012 0.047450
1 0.384519 0.655545 0.057680 0.086951
1 0.451588 0.759325 0.035533 0.153711
1 0.528911 0.418876 0.011302 0.038827
1 0.654240 0.433272 0.013641 0.047619
2 0.524694 0.369297 0.022282 0.032049
