2 0.611469 0.699530 0.089771 0.181420
2 0.653349 0.919441 0.126625 0.158341
2 0.592864 0.545408 0.053580 0.094417
1 0.533825 0.907687 0.048634 0.181005
1 0.490008 0.845726 0.043397 0.172213
1 0.414663 0.910447 0.060231 0.173006
1 0.873498 0.788229 0.041239 0.145748
1 0.536051 0.564281 0.019484 0.089064
1 0.719607 0.503381 0.017983 0.067239
1 0.539358 0.474828 0.014290 0.060664
1 0.639695 0.595624 0.024452 0.096976
3 0.375448 0.577955 0.158168 0.123485
2 0.583958 0.476151 0.041992 0.070162
1 0.525148 0.693570 0.028944 0.138975
1 0.548877 0.526319 0.017262 0.066712
2 0.532631 0.375053 0.025694 0.036722
1 0.525578 0.428066 0.012706 0.044352
