2 0.484994 0.811086 0.112073 0.252527
2 0.534304 0.577411 0.063995 0.116303
3 0.620303 0.659434 0.084914 0.316554
1 0.347291 0.726206 0.080146 0.094140
1 0.710623 0.564703 0.023908 0.090399
2 0.798109 0.542692 0.072351 0.103788
2 0.571849 0.516951 0.027843 0.085765
1 0.491113 0.541295 0.020011 0.081568
0 0.665052 0.571655 0.021959 0.096874
2 0.685001 0.429827 0.030926 0.046979
2 0.588669 0.469073 0.038644 0.066998
2 0.834706 0.710969 0.104973 0.161187
1 0.537707 0.669411 0.029495 0.112749
1 0.452198 0.697874 0.030455 0.114918
1 0.529177 0.498689 0.019039 0.045943
2 0.570076 0.426415 0.035236 0.060696
1 0.664669 0.571642 0.021582 0.097293
1 0.524097 0.439162 0.011960 0.041455
1 0.385000 0.652774 0.059275 0.092306
5 0.215108 0.673502 0.027689 0.125467
