2 0.603053 0.549790 0.061069 0.114485
2 0.661009 0.490335 0.051240 0.069700
1 0.539728 0.500455 0.016488 0.068072
1 0.347197 0.728319 0.080726 0.087927
2 0.798419 0.543140 0.073383 0.106236
2 0.591066 0.468659 0.044379 0.064984
1 0.510727 0.549807 0.021319 0.086008
1 0.525893 0.591276 0.024594 0.107176
1 0.517808 0.477579 0.014401 0.053233
2 0.685078 0.429178 0.032509 0.045969
2 0.629386 0.851583 0.116289 0.286136
2 0.557805 0.411952 0.031717 0.044384
2 0.585255 0.388275 0.026195 0.035863
1 0.623158 0.416411 0.011109 0.036368
1 0.484199 0.483013 0.019016 0.046545
1 0.519360 0.416720 0.012477 0.041222
1 0.474942 0.481736 0.015068 0.043079
2 0.826487 0.916159 0.166199 0.164903
