2 0.484777 0.811754 0.114483 0.252854
2 0.530259 0.560792 0.059656 0.110723
1 0.347441 0.724024 0.080849 0.097080
1 0.507990 0.473941 0.015746 0.061771
2 0.575175 0.513899 0.032572 0.091894
1 0.545227 0.468396 0.014586 0.060587
2 0.798707 0.542728 0.072245 0.102965
1 0.633196 0.484795 0.015449 0.051388
2 0.684837 0.429904 0.032206 0.047844
1 0.492384 0.532315 0.017414 0.074962
2 0.589776 0.467085 0.035897 0.062828
1 0.385275 0.651083 0.058461 0.095176
1 0.537725 0.663800 0.029542 0.122764
3 0.832599 0.708683 0.109742 0.161793
2 0.570733 0.427929 0.034787 0.058736
3 0.626320 0.660954 0.094927 0.313264
1 0.611149 0.431016 0.011603 0.051415
5 0.214756 0.673256 0.029358 0.128260
