0 0.757131 0.658855 0.026783 0.108119
1 0.347477 0.729619 0.080580 0.082836
2 0.524728 0.504538 0.047875 0.084137
1 0.719697 0.542192 0.019114 0.076159
2 0.797994 0.542570 0.072271 0.104217
3 0.619383 0.603328 0.082617 0.251331
2 0.649986 0.442471 0.035966 0.053820
1 0.683073 0.476470 0.016646 0.051966
1 0.518994 0.436028 0.012376 0.048958
2 0.571138 0.527467 0.022407 0.066010
2 0.855945 0.732509 0.063666 0.121665
2 0.588551 0.461836 0.036091 0.046772
2 0.685226 0.430152 0.031803 0.050700
2 0.570115 0.427490 0.037353 0.063785
1 0.385492 0.653198 0.057147 0.088824
1 0.115162 0.844944 0.035045 0.087072
2 0.583302 0.375585 0.036016 0.043358
2 0.831359 0.714440 0.112036 0.155847
