2 0.534721 0.619101 0.071237 0.140149
2 0.455165 0.927980 0.137411 0.141261
2 0.584539 0.511121 0.053743 0.094604
1 0.722592 0.538897 0.020375 0.078968
1 0.347208 0.726648 0.080429 0.092910
1 0.493156 0.772238 0.042752 0.146096
2 0.798852 0.543591 0.073684 0.104354
1 0.461450 0.665695 0.031453 0.125954
2 0.527190 0.445246 0.034828 0.059386
6 0.330176 0.962583 0.061104 0.072057
2 0.657869 0.446594 0.039304 0.060455
1 0.667122 0.567778 0.025021 0.093782
2 0.587987 0.465810 0.039435 0.058731
2 0.687580 0.430326 0.028813 0.046682
1 0.385084 0.652316 0.058443 0.092077
1 0.507717 0.719864 0.022328 0.080492
3 0.633138 0.735532 0.124349 0.408565
