2 0.707097 0.632177 0.075454 0.130826
1 0.347460 0.729135 0.081223 0.085216
1 0.472798 0.795235 0.044926 0.141402
2 0.798428 0.543097 0.072455 0.103612
2 0.843172 0.732680 0.089076 0.115390
1 0.512895 0.550008 0.020285 0.088725
2 0.685009 0.430358 0.031984 0.048167
2 0.588159 0.465188 0.038249 0.057330
2 0.571139 0.524318 0.027009 0.071088
2 0.525741 0.412262 0.027679 0.045565
3 0.622994 0.625742 0.088589 0.277304
1 0.384623 0.655799 0.058007 0.087302
1 0.960890 0.741167 0.040747 0.118870
2 0.804828 0.667437 0.055096 0.104947
1 0.853062 0.897919 0.053870 0.166224
2 0.570495 0.429060 0.033017 0.059940
