2 0.600125 0.557578 0.064522 0.124550
1 0.498436 0.926021 0.047034 0.145181
1 0.501311 0.758454 0.041202 0.152727
1 0.546280 0.716313 0.036738 0.136815
1 0.715319 0.521083 0.021675 0.078658
2 0.586389 0.464105 0.037528 0.063244
2 0.643612 0.856143 0.120821 0.284936
1 0.742990 0.618587 0.032370 0.108841
1 0.547098 0.596436 0.021806 0.099098
1 0.681251 0.466065 0.015792 0.058330
0 0.500370 0.600482 0.024335 0.105042
1 0.815529 0.766190 0.041640 0.143707
1 0.533183 0.476430 0.011931 0.050578
1 0.500378 0.600404 0.024676 0.104471
1 0.750344 0.567185 0.022613 0.064010
1 0.547411 0.460470 0.012118 0.048760
1 0.542024 0.538210 0.019312 0.064806
2 0.567503 0.396709 0.028477 0.053344
