1 0.722345 0.640847 0.030661 0.113493
1 0.534508 0.673989 0.028802 0.127423
1 0.709400 0.534614 0.020300 0.075514
2 0.630700 0.447958 0.044043 0.063895
1 0.543800 0.526258 0.018203 0.074777
1 0.573141 0.496495 0.016367 0.070760
2 0.521459 0.442339 0.033973 0.055619
1 0.696664 0.476731 0.014153 0.053728
3 0.375762 0.578474 0.159330 0.123903
1 0.555493 0.435963 0.012851 0.052910
2 0.604622 0.401494 0.030682 0.038665
1 0.830963 0.904319 0.068903 0.182709
1 0.816133 0.640139 0.042117 0.099178
1 0.565980 0.432829 0.008596 0.046699
