2 0.619393 0.619490 0.072173 0.148678
0 0.475426 0.693259 0.030314 0.142129
1 0.519634 0.920970 0.054418 0.155283
2 0.532055 0.565192 0.064570 0.126381
2 0.596982 0.513428 0.049826 0.087591
1 0.507011 0.770663 0.041069 0.149132
1 0.398020 0.923005 0.051675 0.151213
1 0.720550 0.700045 0.040323 0.131704
2 0.647338 0.863046 0.125333 0.271130
1 0.496784 0.526704 0.020581 0.071902
2 0.292613 0.890073 0.205460 0.217076
2 0.589029 0.443066 0.049305 0.078051
1 0.534060 0.455433 0.014464 0.050520
1 0.472803 0.712715 0.023137 0.102855
1 0.657823 0.417080 0.013119 0.035556
