1 0.545799 0.723716 0.035586 0.148835
2 0.620883 0.688425 0.089870 0.196659
2 0.607206 0.547958 0.061030 0.101334
2 0.578558 0.451634 0.040440 0.068831
1 0.347570 0.728521 0.080578 0.086662
1 0.706346 0.568487 0.028956 0.093719
2 0.810707 0.924985 0.156212 0.147252
2 0.798326 0.543454 0.073651 0.104221
1 0.495412 0.933013 0.059059 0.131197
1 0.517845 0.604312 0.025091 0.108798
2 0.632639 0.438661 0.037884 0.055198
1 0.530221 0.526021 0.017172 0.072995
1 0.423647 0.866039 0.045467 0.187689
2 0.684203 0.430497 0.031344 0.045802
1 0.530661 0.448123 0.012120 0.046008
1 0.384920 0.656293 0.058221 0.087751
1 0.502390 0.494593 0.014212 0.061120
2 0.554917 0.414930 0.025494 0.040141
2 0.578275 0.386028 0.027492 0.037689
2 0.633495 0.945028 0.129651 0.107166
