2 0.525942 0.762891 0.103853 0.183575
2 0.613870 0.586489 0.071838 0.156922
2 0.798003 0.542509 0.073594 0.105791
1 0.347352 0.723712 0.080421 0.098401
1 0.677209 0.506434 0.017004 0.070682
1 0.771038 0.687966 0.037401 0.123202
1 0.658898 0.454150 0.014150 0.052108
2 0.644669 0.831244 0.112749 0.287798
1 0.553523 0.510662 0.016394 0.070270
2 0.597916 0.468605 0.049304 0.078155
2 0.685148 0.428453 0.032112 0.049743
2 0.574952 0.420180 0.032563 0.050283
1 0.542228 0.474688 0.014553 0.058803
1 0.526111 0.448633 0.012539 0.049954
1 0.429453 0.844519 0.042153 0.168170
1 0.533386 0.572422 0.025143 0.046516
2 0.529988 0.648631 0.073221 0.115654
1 0.385427 0.653669 0.057233 0.089309
