4 0.721459 0.619929 0.119202 0.236697
1 0.465352 0.923223 0.054599 0.149681
1 0.522322 0.522536 0.018600 0.073715
1 0.347470 0.727338 0.080402 0.086818
3 0.618534 0.603647 0.079547 0.250333
2 0.570332 0.516666 0.024851 0.081085
2 0.584714 0.455771 0.041751 0.054152
2 0.798322 0.542864 0.071171 0.103447
1 0.543352 0.462600 0.012319 0.051751
1 0.854984 0.815975 0.044326 0.147100
1 0.526193 0.464626 0.013118 0.049873
2 0.684462 0.429275 0.032624 0.048511
1 0.385185 0.653874 0.057873 0.089262
2 0.835517 0.696479 0.104629 0.175366
2 0.566648 0.418481 0.034448 0.052589
2 0.617951 0.603197 0.079128 0.253067
2 0.586936 0.382004 0.024147 0.037787
