0 0.931378 0.437464 0.057202 0.115014
1 0.833035 0.326889 0.050746 0.082013
2 0.089953 0.266433 0.056264 0.085079
1 0.926459 0.328083 0.044947 0.079027
1 0.254210 0.416651 0.042400 0.115445
1 0.661584 0.381804 0.057193 0.106816
2 0.230570 0.291229 0.094342 0.085852
1 0.402941 0.361619 0.053530 0.102898
1 0.723306 0.319535 0.050884 0.079899
1 0.048060 0.393145 0.028746 0.108111
1 0.287829 0.543043 0.050213 0.159710
1 0.507101 0.374467 0.060609 0.108034
2 0.409994 0.308407 0.087791 0.078781
2 0.697998 0.283382 0.097529 0.060903
1 0.787259 0.275339 0.032376 0.066534
1 0.048313 0.320265 0.021303 0.071014
1 0.605026 0.326098 0.044758 0.079325
1 0.455127 0.353716 0.045726 0.104475
