2 0.506881 0.466461 0.200681 0.145666
2 0.854228 0.472157 0.146473 0.134200
2 0.180767 0.344772 0.107822 0.126636
1 0.661402 0.547245 0.083089 0.156327
1 0.365279 0.345655 0.054237 0.098863
1 0.192873 0.665402 0.125540 0.183773
1 0.209214 0.378536 0.065662 0.113880
1 0.506519 0.322460 0.048042 0.078210
2 0.977759 0.376043 0.043439 0.098731
2 0.820660 0.290501 0.103661 0.083522
2 0.114661 0.221781 0.054601 0.054700
1 0.897587 0.318616 0.020310 0.071073
2 0.327102 0.226510 0.064876 0.059150
1 0.705608 0.281981 0.041826 0.048446
2 0.520861 0.271306 0.093359 0.067823
