1 0.650301 0.431224 0.065967 0.113516
1 0.734516 0.573582 0.084874 0.155542
1 0.334786 0.330344 0.057484 0.097076
1 0.877457 0.511528 0.057914 0.130063
2 0.863344 0.310093 0.094168 0.087987
1 0.513745 0.536179 0.091634 0.146019
1 0.045689 0.391102 0.072947 0.129617
1 0.103640 0.684985 0.124846 0.263668
1 0.631763 0.329604 0.042261 0.075325
1 0.484750 0.313432 0.044874 0.071798
1 0.831926 0.460366 0.048306 0.125042
1 0.905597 0.459098 0.048532 0.105842
1 0.869308 0.396820 0.040097 0.090385
1 0.772675 0.297064 0.030809 0.068202
