2 0.255737 0.511484 0.237473 0.176820
1 0.489536 0.482444 0.091742 0.130463
2 0.471142 0.325612 0.095769 0.092754
1 0.591323 0.366817 0.047046 0.099975
2 0.068105 0.255484 0.058927 0.075933
1 0.861645 0.350853 0.054066 0.090992
1 0.535391 0.379819 0.047768 0.094577
2 0.975927 0.355899 0.047105 0.091489
2 0.285493 0.299047 0.082045 0.084765
1 0.062340 0.354173 0.029240 0.119367
1 0.350453 0.285020 0.032811 0.071479
1 0.755328 0.333801 0.056981 0.107560
2 0.023302 0.232873 0.046085 0.078949
1 0.891857 0.336513 0.038569 0.078158
