1 0.871572 0.328222 0.047208 0.079401
2 0.666756 0.395392 0.155215 0.117937
2 0.898345 0.830818 0.202268 0.330332
2 0.087431 0.263624 0.063026 0.079243
2 0.832138 0.582428 0.221393 0.170511
2 0.311576 0.623208 0.175716 0.250791
2 0.386004 0.298106 0.093795 0.082723
2 0.274850 0.294633 0.085250 0.081331
1 0.485130 0.374622 0.054200 0.103275
1 0.587100 0.400750 0.064179 0.106044
1 0.013053 0.332441 0.025946 0.092518
1 0.091503 0.531013 0.043130 0.178890
1 0.166227 0.456282 0.038915 0.130522
1 0.769962 0.279452 0.035985 0.065345
1 0.031361 0.252625 0.020042 0.070995
