2 0.242510 0.467578 0.147302 0.171539
1 0.731865 0.471298 0.079270 0.130014
2 0.638551 0.414339 0.153835 0.116049
2 0.820191 0.329034 0.116338 0.092476
2 0.522763 0.332372 0.118741 0.090067
1 0.913531 0.537982 0.086292 0.134361
1 0.496746 0.393760 0.058986 0.118958
1 0.719865 0.320336 0.052884 0.097263
2 0.085447 0.285673 0.063891 0.089170
1 0.862687 0.487134 0.072413 0.126777
2 0.351675 0.304547 0.110874 0.113872
1 0.612367 0.427122 0.066565 0.119823
2 0.228897 0.264729 0.082702 0.078394
1 0.365075 0.354791 0.044393 0.099381
1 0.253408 0.320675 0.037992 0.089291
