2 0.093110 0.241661 0.062305 0.066423
1 0.790212 0.389478 0.056344 0.108809
1 0.463126 0.606489 0.075186 0.202670
1 0.728239 0.396747 0.061594 0.110674
1 0.604875 0.374928 0.057042 0.112473
1 0.150148 0.346562 0.030259 0.109352
1 0.060656 0.419808 0.030525 0.120541
1 0.297846 0.311022 0.043620 0.089537
1 0.675235 0.309097 0.051394 0.077569
1 0.251932 0.273605 0.035645 0.067794
1 0.040930 0.352923 0.025431 0.100203
1 0.007745 0.320765 0.015193 0.083314
1 0.395297 0.338715 0.054104 0.094196
1 0.379085 0.844228 0.155407 0.235970
1 0.159619 0.269271 0.025071 0.073316
1 0.484832 0.316601 0.038028 0.084024
1 0.009249 0.238155 0.017327 0.065189
1 0.413681 0.276043 0.046955 0.074613
1 0.048478 0.247749 0.019041 0.061250
1 0.049826 0.313025 0.018834 0.073722
