2 0.874933 0.416313 0.076078 0.136273
2 0.823043 0.287465 0.089408 0.075480
2 0.921733 0.308255 0.084489 0.089824
2 0.435973 0.497062 0.218349 0.172438
1 0.109339 0.361029 0.066007 0.102562
1 0.938625 0.509990 0.049592 0.157625
2 0.018037 0.358884 0.036067 0.083243
1 0.666847 0.336379 0.038682 0.085113
1 0.329534 0.644494 0.108689 0.166351
1 0.951127 0.366571 0.022598 0.096633
1 0.511543 0.551053 0.086292 0.144484
1 0.734554 0.273334 0.036779 0.068491
1 0.670210 0.270316 0.038497 0.072543
1 0.992064 0.340202 0.014831 0.081250
2 0.391127 0.694017 0.122831 0.193694
