2 0.903960 0.531425 0.191039 0.176679
2 0.575292 0.378779 0.150554 0.137256
2 0.791064 0.339733 0.129951 0.092477
1 0.232414 0.578312 0.049048 0.190177
1 0.408691 0.788341 0.092732 0.253106
1 0.677573 0.611686 0.113099 0.168553
2 0.097049 0.235036 0.074157 0.074451
2 0.011931 0.226547 0.023530 0.059799
2 0.973730 0.350865 0.051499 0.095284
1 0.462178 0.327874 0.038336 0.084493
1 0.192133 0.252486 0.019727 0.061293
1 0.431734 0.290999 0.043422 0.078085
1 0.400896 0.270131 0.037212 0.066562
2 0.327828 0.228946 0.066151 0.056887
