2 0.601574 0.397832 0.146067 0.113912
2 0.930797 0.640617 0.137363 0.171924
1 0.135694 0.514906 0.045090 0.168575
2 0.084530 0.292199 0.072792 0.108871
2 0.287812 0.290839 0.113742 0.095033
1 0.437557 0.520635 0.050171 0.140662
1 0.040398 0.374211 0.034911 0.116849
1 0.452751 0.304951 0.038225 0.082134
0 0.311377 0.784908 0.068855 0.263862
1 0.383206 0.285299 0.030858 0.073882
2 0.037610 0.235277 0.052376 0.093000
1 0.310765 0.784839 0.067889 0.264846
1 0.193316 0.294328 0.033125 0.080708
1 0.050785 0.337494 0.021942 0.111608
