2 0.126516 0.261798 0.079261 0.081276
2 0.901340 0.489187 0.183006 0.140555
1 0.652348 0.601730 0.101347 0.164038
2 0.348870 0.318421 0.100311 0.094185
1 0.428120 0.534326 0.094606 0.145358
1 0.082673 0.485062 0.043906 0.148964
1 0.168139 0.585959 0.050184 0.173519
2 0.025627 0.224109 0.051254 0.078459
1 0.670663 0.319711 0.053913 0.092486
1 0.858924 0.559941 0.092307 0.152371
1 0.240985 0.282326 0.032527 0.063405
1 0.094072 0.384491 0.028606 0.106477
1 0.240766 0.528881 0.035487 0.146280
1 0.561641 0.337648 0.045608 0.095020
1 0.435336 0.340446 0.050886 0.085685
1 0.281223 0.270729 0.026438 0.058347
